BiasAdd_51:0	95	482.000000
BiasAdd_34:0	63	3056.000000
Relu_31:0	64	2896.000000
BiasAdd_23:0	43	523.000000
Relu_17:0	36	1269.000000
BiasAdd_11:0	21	472.000000
BiasAdd_21:0	39	483.000000
BiasAdd_32:0	59	667.000000
BiasAdd_33:0	61	586.000000
BiasAdd_35:0	65	977.000000
BiasAdd_42:0	79	609.000000
BiasAdd_44:0	83	2619.000000
BiasAdd_31:0	57	1932.000000
BiasAdd_40:0	75	1030.000000
Relu_44:0	90	1194.000000
Relu_43:0	88	1185.000000
Relu_46:0	94	1236.000000
BiasAdd_29:0	53	500.000000
Relu_48:0	98	1520.000000
Relu_40:0	82	1211.000000
BiasAdd_9:0	17	600.000000
BiasAdd_15:0	27	471.000000
BiasAdd_49:0	91	473.000000
Relu_13:0	28	1279.000000
Relu_18:0	38	290.000000
BiasAdd_45:0	85	946.000000
BiasAdd_37:0	69	1265.000000
BiasAdd_47:0	87	468.000000
BiasAdd_20:0	37	552.000000
BiasAdd_1:0	3	511.000000
Relu_25:0	52	1575.000000
Relu_28:0	58	3031.000000
BiasAdd_5:0	9	474.000000
Relu_39:0	80	767.000000
Relu_36:0	74	459.000000
Relu_27:0	56	3071.000000
BiasAdd_17:0	31	499.000000
BiasAdd_7:0	13	519.000000
BiasAdd_28:0	51	484.000000
Relu_38:0	78	5116.000000
Relu_9:0	20	1310.000000
BiasAdd_8:0	15	479.000000
BiasAdd_48:0	89	513.000000
Relu_19:0	40	1197.000000
MaxPool_0:0	2	242.000000
BiasAdd_50:0	93	476.000000
BiasAdd_38:0	71	2516.000000
Relu_32:0	66	1244.000000
Relu_3:0	8	1342.000000
Relu_29:0	60	1976.000000
Relu_30:0	62	4318.000000
Relu_34:0	70	6719.000000
BiasAdd_46:0	81	5836.000000
Relu_33:0	68	3469.000000
Relu_35:0	72	1484.000000
Relu_7:0	16	1218.000000
BiasAdd_2:0	5	600.000000
Relu_37:0	76	4899.000000
Relu_10:0	22	1213.000000
BiasAdd_16:0	29	480.000000
BiasAdd_6:0	11	618.000000
BiasAdd_27:0	45	534.000000
Relu_21:0	44	1735.000000
Relu_5:0	12	1217.000000
Relu_23:0	48	1257.000000
BiasAdd_18:0	33	453.000000
BiasAdd_3:0	7	480.000000
Relu_20:0	42	1233.000000
Relu_42:0	86	16373.000000
Relu_26:0	54	1256.000000
Relu_24:0	50	3547.000000
BiasAdd_39:0	73	475.000000
Relu_8:0	18	1219.000000
BiasAdd_25:0	47	506.000000
BiasAdd_12:0	23	489.000000
BiasAdd_52:0	97	445.000000
Relu_14:0	30	1257.000000
BiasAdd_10:0	19	521.000000
Relu_16:0	34	1437.000000
Relu_12:0	26	3078.000000
Relu_1:0	4	1213.000000
BiasAdd_14:0	21	488.000000
Relu_15:0	32	1268.000000
Relu_2:0	6	1232.000000
BiasAdd_13:0	25	493.000000
BiasAdd_43:0	81	466.000000
BiasAdd_24:0	45	625.000000
BiasAdd_22:0	41	482.000000
Relu_0:0	1	1180.000000
Relu_11:0	24	1231.000000
Relu_6:0	14	1380.000000
BiasAdd_26:0	49	486.000000
Relu_47:0	96	1189.000000
BiasAdd_30:0	55	497.000000
Relu_4:0	10	1241.000000
Relu_45:0	92	1284.000000
Relu_41:0	84	1313.000000
BiasAdd_41:0	77	3236.000000
Relu_22:0	46	1272.000000
BiasAdd_36:0	67	483.000000
BiasAdd_4:0	3	474.000000
BiasAdd_19:0	35	705.000000
