Mul_852:0	4	6477464.000000
ConcatV2_206:0	7	1880327.000000
ConcatV2_349:0	7	313066.000000
RealDiv_1:0	5	69.000000
ConcatV2_519:0	7	962986.000000
SquaredDifference_3:0	6	121.000000
Mul_438:0	7	618603.000000
SquaredDifference_1:0	3	105.000000
ConcatV2_459:0	7	709054.000000
ConcatV2_287:0	7	103348.000000
RealDiv_3:0	8	87.000000
ConcatV2_76:0	7	408957.000000
ConcatV2_399:0	7	465926.000000
Mul_459:0	1	130.000000
ConcatV2_489:0	7	866853.000000
ConcatV2_126:0	7	570934.000000
Floor_1:0	5	69.000000
Floor_3:0	8	87.000000
Add_349:0	12	155.000000
Reshape_110:0	3	6478401.000000
Reshape_112:0	3	138.000000
ConcatV2_509:0	7	933057.000000
ConcatV2_479:0	7	836978.000000
ConcatV2_26:0	7	244819.000000
ConcatV2_46:0	7	298278.000000
Reshape_199:0	0	3625.000000
ConcatV2_4:0	7	171084.000000
Mul_448:0	6	123.000000
ConcatV2_156:0	7	666165.000000
ConcatV2_146:0	7	636696.000000
ConcatV2_319:0	7	213009.000000
SquaredDifference_0:0	3	110.000000
Mul_427:0	12	609510.000000
Reshape_23:0	6	619519.000000
SquaredDifference_2:0	1	124.000000
Mul_425:0	14	185.000000
Reshape_39:0	1	124.000000
ConcatV2_196:0	7	1852772.000000
Transpose_6:0	5	6475727.000000
ConcatV2_309:0	7	180382.000000
Reshape_11:0	11	123.000000
SquaredDifference_4:0	11	123.000000
ConcatV2_256:0	7	2079964.000000
Transpose_8:0	5	9954176.000000
BiasAdd_1:0	2	2376.000000
ConcatV2_166:0	7	691119.000000
Floor_2:0	3	89.000000
MatMul_1:0	1	107.000000
AddN_19012:0	1	6486150.000000
ConcatV2_539:0	7	1018182.000000
ConcatV2_429:0	7	553241.000000
ConcatV2_176:0	7	717470.000000
ConcatV2_56:0	7	322093.000000
Floor_0:0	5	70.000000
Reshape_9:0	11	610471.000000
Mul_437:0	11	124.000000
ConcatV2_236:0	7	2016253.000000
ConcatV2_106:0	7	515511.000000
Floor_4:0	13	86.000000
Reshape_25:0	6	123.000000
ConcatV2_96:0	7	481317.000000
ConcatV2_529:0	7	990619.000000
ConcatV2_276:0	7	2137445.000000
Transpose_5:0	6	2165190.000000
ConcatV2_559:0	7	1069661.000000
ConcatV2_566:0	0	234.000000
ConcatV2_136:0	7	604271.000000
AddN_48269:0	1	9964627.000000
Mul_1253:0	4	9957153.000000
ConcatV2_439:0	7	581325.000000
Mul_415:0	6	350.000000
Mul_422:0	11	356.000000
ConcatV2_379:0	7	405787.000000
Mul_411:0	4	211.000000
BiasAdd_0:0	2	1207.000000
ConcatV2_216:0	7	1909218.000000
Mul_408:0	1	349.000000
ConcatV2_86:0	7	446702.000000
MatMul_0:0	1	123.000000
Add_341:0	2	176.000000
ConcatV2_369:0	7	371067.000000
Add_1:0	4	2093.000000
Mul_3:0	3	286.000000
ConcatV2_499:0	7	898143.000000
Mul_862:0	3	137.000000
Elu_1:0	10	454.000000
Add_3:0	4	918.000000
Mul_418:0	9	195.000000
ConcatV2_329:0	7	246088.000000
ConcatV2_293:0	7	122408.000000
Add_345:0	7	158.000000
RealDiv_2:0	3	89.000000
ConcatV2_409:0	7	495092.000000
RealDiv_0:0	5	70.000000
RealDiv_4:0	13	86.000000
ConcatV2_36:0	7	271479.000000
ConcatV2_549:0	7	1043576.000000
Reshape_37:0	1	627468.000000
Mul_8:0	3	280.000000
ConcatV2_266:0	7	2103140.000000
ConcatV2_116:0	7	541338.000000
ConcatV2_299:0	7	141455.000000
ConcatV2_419:0	7	524623.000000
ConcatV2_339:0	7	278030.000000
Reshape_187:0	3	134.000000
ConcatV2_359:0	7	342335.000000
ConcatV2_469:0	7	807342.000000
ConcatV2_226:0	7	1938759.000000
ConcatV2_66:0	7	348478.000000
Reshape_124:0	0	5859842.000000
ConcatV2_186:0	7	1823738.000000
ConcatV2_389:0	7	434939.000000
ConcatV2_449:0	7	610094.000000
ConcatV2_16:0	7	212194.000000
Mul_449:0	2	626550.000000
ConcatV2_246:0	7	2047544.000000
Elu_0:0	5	452.000000
Mul_1263:0	3	137.000000
Reshape_185:0	3	9958147.000000
ConcatV2_10:0	7	191688.000000
Transpose_4:0	6	968.000000
